<?xml version="1.0" encoding="UTF-8" standalone="no"?>
<svg
   version="1.1"
   x="0px"
   y="0px"
   viewBox="0 0 100 58.427499999999995"
   enable-background="new 0 0 100 46.742"
   xml:space="preserve"
   id="svg2"
   sodipodi:docname="logo"
   inkscape:version="1.4.3 (0d15f75, 2025-12-25)"
   xmlns:inkscape="http://www.inkscape.org/namespaces/inkscape"
   xmlns:sodipodi="http://sodipodi.sourceforge.net/DTD/sodipodi-0.dtd"
   xmlns="http://www.w3.org/2000/svg"
   xmlns:svg="http://www.w3.org/2000/svg"><defs
     id="defs2" /><sodipodi:namedview
     id="namedview2"
     pagecolor="#ffffff"
     bordercolor="#000000"
     borderopacity="0.25"
     inkscape:showpageshadow="2"
     inkscape:pageopacity="0.0"
     inkscape:pagecheckerboard="0"
     inkscape:deskcolor="#d1d1d1"
     inkscape:zoom="4.7259457"
     inkscape:cx="45.705138"
     inkscape:cy="22.323574"
     inkscape:window-width="1920"
     inkscape:window-height="986"
     inkscape:window-x="0"
     inkscape:window-y="32"
     inkscape:window-maximized="1"
     inkscape:current-layer="svg2" /><path
     d="M 99.922,17.594 C 98.75,11.344 84.634,8.459 65.7,9.774 63.108,5.45 57.739,2.628 51.473,2.26 50.285,0.543 47.711,-0.372 44.973,0.141 42.235,0.654 40.167,2.439 39.681,4.471 33.974,7.084 29.992,11.659 29.142,16.628 11.019,22.262 -1.094,30.063 0.078,36.314 c 1.202,6.408 16.011,9.277 35.668,7.711 1.925,1.294 4.643,2.171 7.826,2.531 -0.885,-0.904 -1.729,-1.926 -2.521,-3.051 0.858,-0.099 1.724,-0.205 2.596,-0.32 0.762,1.323 1.571,2.515 2.413,3.545 2.363,0.065 4.911,-0.131 7.531,-0.622 7.335,-1.375 13.294,-4.696 15.877,-8.406 18.89,-5.66 31.655,-13.701 30.454,-20.108 z M 50.539,29.831 c -13.173,2.471 -24.318,1.983 -24.894,-1.085 -0.223,-1.187 1.173,-2.587 3.724,-3.999 0.11,0.652 0.354,1.271 0.899,1.856 1.538,0.324 3.147,0.509 4.787,0.589 -0.203,-1.647 -0.294,-3.264 -0.288,-4.833 0.957,-0.351 1.972,-0.694 3.041,-1.027 0.06,1.892 0.235,3.864 0.541,5.883 3.97,-0.114 7.965,-0.711 11.446,-1.364 5.907,-1.107 13.24,-2.461 18.553,-5.939 0.339,-0.851 0.283,-1.669 0.069,-2.49 2.897,0.392 4.711,1.191 4.934,2.38 0.574,3.068 -9.638,7.559 -22.812,10.029 z"
     id="use2" /><path
     d="M 99.922,17.594 C 98.75,11.344 84.634,8.459 65.7,9.774 63.108,5.45 57.739,2.628 51.473,2.26 50.285,0.543 47.711,-0.372 44.973,0.141 42.235,0.654 40.167,2.439 39.681,4.471 33.974,7.084 29.992,11.659 29.142,16.628 11.019,22.262 -1.094,30.063 0.078,36.314 c 1.202,6.408 16.011,9.277 35.668,7.711 1.925,1.294 4.643,2.171 7.826,2.531 -0.885,-0.904 -1.729,-1.926 -2.521,-3.051 0.858,-0.099 1.724,-0.205 2.596,-0.32 0.762,1.323 1.571,2.515 2.413,3.545 2.363,0.065 4.911,-0.131 7.531,-0.622 7.335,-1.375 13.294,-4.696 15.877,-8.406 18.89,-5.66 31.655,-13.701 30.454,-20.108 z M 50.539,29.831 c -13.173,2.471 -24.318,1.983 -24.894,-1.085 -0.223,-1.187 1.173,-2.587 3.724,-3.999 0.11,0.652 0.354,1.271 0.899,1.856 1.538,0.324 3.147,0.509 4.787,0.589 -0.203,-1.647 -0.294,-3.264 -0.288,-4.833 0.957,-0.351 1.972,-0.694 3.041,-1.027 0.06,1.892 0.235,3.864 0.541,5.883 3.97,-0.114 7.965,-0.711 11.446,-1.364 5.907,-1.107 13.24,-2.461 18.553,-5.939 0.339,-0.851 0.283,-1.669 0.069,-2.49 2.897,0.392 4.711,1.191 4.934,2.38 0.574,3.068 -9.638,7.559 -22.812,10.029 z"
     id="use3" /></svg>
